4442 4117
4243 4409
4101 4397
4519 3981
4453 3879
4246 4356
3428 4096
4310 4215
4366 4165
4365 4144
3199 4507
3278 4453
3555 4402
2932 3889
558 1695
2202 3482
4688 3777
4737 3756
3843 3792
4048 4087
3817 3841
3617 4135
2953 4216
2898 4380
2096 4482
1258 3657
1267 3728
617 2351
521 3772
447 3821
704 3946
657 3575
690 3642
454 3560
491 4100
1225 3459
1269 3775
1106 3682
833 3897
476 1518
622 1258
4407 3137
702 1648
2196 3060
653 1711
2306 2949
533 1603
540 1512
1810 3132
1787 3098
2656 2395
2200 3049
1618 3465
2241 3481
2145 2981
1312 3148
1528 3112
1673 3693
4342 4286
1818 3634
1424 3368
745 2986
962 3144
703 2693
881 2995
4430 3925
2668 4592
569 3104
481 3706
670 3659
619 3598
583 4327
471 4524
919 832
4164 4296
4411 4350
4341 4285
4744 3892
4394 3430
4437 3550
749 808
733 741
824 906
547 869
536 840
1134 830
4004 4358
3926 4129
2216 2924
1404 3800
1191 3719
1304 3645
1400 3691
1377 4279
1430 3754
1338 3777
969 4097
848 4051
1012 4091
1149 4001
2288 4495
476 1518
622 1258
4407 3137
702 1648
2196 3060
653 1711
2306 2949
533 1603
540 1512
1810 3132
1787 3098
2656 2395
2200 3049
1618 3465
2241 3481
2145 2981
1312 3148
1528 3112
1673 3693
4342 4286
1818 3634
1424 3368
745 2986
962 3144
703 2693
881 2995
4430 3925
2668 4592
569 3104
481 3706
670 3659
619 3598
583 4327
471 4524
2945 2205
2536 2425
4234 4469
3925 4512
4436 4225
4413 3897
3876 3890
3815 4053
4109 3753
4477 3872
4108 4517
3606 4161
4131 4486
4157 4388
4294 4759
2717 4514
720 1184
647 1217
692 1348
519 1694
538 2695
624 1651
1235 1726
1486 1773
529 2903
597 3093
681 3012
3529 4109
2245 2680
2478 2029
2404 4541
2181 4551
2691 4377
2362 4153
3126 3973
703 2592
2050 3499
1301 3602
397 3379
1081 3742
557 3338
419 3980
807 3779
870 3836
954 3731
778 3586
544 3175
408 3215
1124 3709
1154 3605
1073 3814
1098 3771
1173 3650
923 3637
773 3694
792 3689
632 3972
872 3769
848 3988
1416 4240
1074 3093
1542 3640
1293 3560
1259 3660
1046 3674
1721 4525
2366 3060
584 1633
4606 2891
920 601
302 1191
4298 3603
4266 3569
4378 3509
4654 3226
4516 3490
4428 3201
4401 3303
4381 3392
2809 1331
1620 1100
1614 1358
2640 1065
3497 683
3720 615
4147 837
4123 829
3874 1084
3222 655
2835 924
3194 719
3951 2750
4064 2820
4152 2677
4130 2681
4255 2550
652 1792
2273 2550
570 2165
519 1793
467 2120
2357 2504
2135 2734
2226 2658
4520 3251
2056 2906
2020 2828
1154 3397
4271 4409
3780 4169
3657 4296
3634 4374
2270 4438
2044 1008
1731 3609
1848 3716
1992 3694
1974 3694
1896 3689
1584 3781
1822 3548
1926 3607
1758 3675
879 3646
749 3718
502 3700
503 4483
523 4403
442 3498
1202 3643
1269 3907
1020 3793
408 4538
544 4449
703 1044
685 761
1124 579
270 994
977 1142
930 886
4397 4004
1460 942
1403 694
2457 2564
2595 2563
891 823
913 742
245 1222
1510 1018
1446 816
1007 1317
898 1315
917 1326
737 1206
941 1264
867 1391
2413 628
1872 789
4460 3649
4553 2813
4571 2687
4603 2591
4409 2697
4502 2631
4536 2515
4609 2875
3112 2760
4497 3263
4492 3153
4525 3214
4506 3337
4594 2463
4451 1793
4411 2395
4356 2400
4458 3173
4117 3847
4048 2431
4424 2555
4577 2193
4438 1914
4484 1844
4478 1136
4653 1354
4365 1463
4352 1254
4215 1382
4195 1424
4623 768
4613 825
4502 957
4606 1019
4608 929
4631 932
4642 782
4638 834
4533 862
4374 1085
4472 876
4371 622
4352 612
4378 796
3858 4249
3911 4127
641 1732
4577 3578
919 537
612 1942
3086 2170
2879 2280
3101 2160
3295 2239
3752 1682
3712 1844
2888 1886
3386 2005
3212 1954
3624 1839
3956 1515
3871 1516
3937 1363
4146 1537
2181 2817
1993 2473
3960 1392
3937 1058
3905 550
3605 707
3559 863
3559 676
3552 628
3863 520
1690 1020
4472 3746
2803 2389
4449 3473
764 2154
831 932
4515 3442
4378 2703
3994 2836
3953 2784
1516 3191
1615 2915
1898 2229
4580 3701
4490 3644
4456 4209
4442 3978
4026 4118
4368 2644
4224 2587
4557 2318
4267 1629
4484 1511
4450 1613
4554 1674
2759 1395
2441 1214
2462 1176
2320 862
2730 1297
2551 2683
2367 2725
2639 2581
2853 2444
3997 1263
4150 1380
4180 1498
4263 1490
4430 1123
3452 847
3589 803
3617 886
3536 854
3558 901
3619 797
3207 878
3702 911
788 1442
3126 2582
3424 2841
3559 2915
4012 2729
3706 1660
4178 1088
587 1330
2528 2332
643 2244
1413 2146
621 1338
1497 2832
1858 2510
2410 2264
2464 2455
4505 3223
1867 2026
2098 2660
816 801
4532 3279
2565 2549
3575 2989
4817 3341
4751 2582
4576 2845
4589 2875
4474 2678
4414 3164
4361 2784
3273 3115
3063 2997
3849 3013
4593 1413
4344 1707
3766 1304
4057 1301
4232 1323
3972 1102
4285 1525
4389 1533
4323 1635
4487 1731
4196 1984
3954 1975
3763 1846
3415 657
3855 897
3669 798
4527 730
4451 3615
2700 2320
4495 3180
4231 3571
2552 2537
746 1406
789 1379
559 1605
2896 2404
4319 3094
4361 2967
4462 2733
511 1041
344 1109
634 1063
727 1065
398 1244
1223 1145
1205 1131
789 2342
712 2515
432 2467
459 2439
435 2532
3022 2130
3883 4437
3145 2360
3512 1674
3559 1684
4404 3752
2962 2277
1872 958
2303 3239
2418 3194
2202 3478
1915 1984
3703 1720
3442 2034
3829 1855
4181 1483
4717 1875
4267 1540
4621 1847
4521 1494
4291 1558
4397 1224
4146 1143
4108 1176
4558 656
4609 3817
4630 3796
4358 4103
4537 4001
3984 4649
3739 4401
3882 4375
618 1870
3847 4076
3857 4245
3869 4381
3849 4115
3856 4236
4278 3976
3611 4184
4117 4679
3935 4629
4199 3973
4273 4173
599 2664
3368 3167
3209 3281
3096 3148
3222 3486
1558 3277
669 2926
1356 3651
936 3691
664 3547
3241 3502
2389 3384
3613 4185
2073 2756
2822 4435
2309 4525
2960 4413
2152 2766
2182 2809
3682 4494
3777 4483
3271 4140
3176 4532
2407 4591
2084 3043
1765 3138
1934 3202
981 2452
545 3082
493 2900
654 2976
548 2934
668 2993
3261 3939
3398 3850
4234 4236
4559 3713
4299 3427
2456 4543
1871 4438
1850 4366
1664 4075
1340 4513
736 3627
1233 3934
1214 3861
785 3871
1273 4036
868 3982
1004 4088
769 3888
491 4359
410 3988
537 4345
546 4489
522 4448
242 4599
4369 4407
4193 4512
4147 4456
4309 3542
4564 3181
4551 3157
532 1995
2643 2528
2871 2650
703 1803
594 1768
743 2148
721 2274
394 3437
2413 3438
1885 3670
3466 2841
3453 2843
3468 2851
3389 2745
3365 3192
1363 654
2722 2524
2904 2579
1171 4066
1352 4152
879 3818
503 4277
502 4361
1368 4316
1031 4487
687 4521
724 4597
497 4575
687 4500
511 4706
4442 4117
4243 4409
4101 4397
4519 3981
4453 3879
4246 4356
3428 4096
4310 4215
4366 4165
4365 4144
3199 4507
3278 4453
3555 4402
2932 3889
558 1695
2202 3482
4688 3777
4737 3756
3843 3792
4048 4087
3817 3841
3617 4135
2953 4216
2898 4380
2096 4482
1258 3657
1267 3728
617 2351
521 3772
447 3821
704 3946
657 3575
690 3642
454 3560
491 4100
1225 3459
1269 3775
1106 3682
833 3897
3940 4077
3724 4181
4378 3086
4501 3861
2571 2561
4406 3728
4570 2617
4474 2595
4374 2831
4709 1427
2996 2219
3850 1549
4095 1465
4129 1443
3815 1523
4004 1510
4413 1228
4635 791
4435 1047
1964 2219
517 2574
2239 2781
1983 3164
2148 3500
3029 4419
3149 4511
767 4516
829 4581
1440 3612
1252 4154
1583 3568
1083 4044
1161 4061
744 3974
717 3937
453 4551
262 4619
